-41	-2	10	-1	-6	7	-4	-5	-7	1	4	1
-25	28	-26	-8	-8	-9	7	-8	1	9	-2	1
-12	34	-5	-4	-34	25	-11	5	-14	3	-2	1
-9	32	5	17	-23	-9	5	0	8	1	-7	1
54	10	-1	4	15	-12	-1	-5	1	-2	6	0
-8	38	18	-6	-7	29	-6	5	1	0	10	1
24	0	-15	19	-5	-12	6	-1	-2	2	-3	0
21	-5	-10	16	-10	-8	1	5	-1	-4	-6	0
-13	23	2	22	-9	-12	0	0	3	2	-1	1
-32	1	5	-1	-1	-4	11	-7	2	2	-2	1
80	59	15	-17	41	23	45	17	10	38	-15	1
-31	0	-1	-9	-8	-5	7	-1	3	0	-5	1
1	-37	7	-10	0	-3	-2	-2	-2	0	-4	0
24	75	20	-24	24	-15	-21	-26	-24	-7	2	1
52	-9	-14	15	17	-4	-9	-12	1	-2	7	0
-1	-3	-21	-8	9	-9	-8	0	2	-3	-1	0
-24	-3	-6	-3	5	1	-1	5	-1	0	2	1
2	-15	10	-10	-10	-11	15	-4	-6	1	5	0
-2	26	-8	-24	-31	-8	-3	0	-10	-5	9	1
53	2	-8	-23	-3	7	-8	-13	-6	-7	2	0
114	24	13	3	-39	47	5	-6	17	-6	-16	0
-17	-1	-7	1	1	-1	-2	3	1	-1	-2	1
-7	17	2	21	-11	-15	-4	5	1	6	3	1
24	10	-19	-3	3	1	1	1	6	-3	2	1
78	-33	11	-5	8	-22	-11	-3	4	-9	7	0
43	4	31	11	-5	-15	-23	6	13	-15	-7	0
-15	6	-12	3	-7	9	3	6	-2	4	7	1
18	-15	1	-2	-16	9	-2	2	-4	7	4	0
6	1	20	7	-9	5	12	11	1	1	9	0
23	-30	-6	5	4	16	4	-5	-5	5	-2	0
-2	5	2	13	4	3	0	2	-5	-2	3	1
15	7	-7	-19	-4	8	-2	5	-4	-6	-3	1
-20	-10	7	8	2	3	-5	-2	-4	-5	-7	1
2	-6	10	-5	-1	-3	15	-2	0	-8	-7	0
-36	-18	7	-13	11	-3	-1	4	4	1	4	1
-20	-5	0	2	-6	-4	2	5	5	-1	-3	1
28	-6	-4	-8	2	-11	11	2	1	-5	3	0
26	-21	12	4	-5	18	-3	-5	-3	2	6	0
-22	9	5	-5	-8	-1	-9	13	-4	-5	-7	1
-30	21	10	12	-2	-23	-12	-5	5	4	-1	1
-22	7	-19	-12	3	-4	-1	-4	2	4	-1	1
9	1	2	10	3	-9	0	7	1	-2	9	0
-7	-16	7	16	3	-6	3	2	-2	3	-6	0
-26	41	-19	6	-20	-9	-13	-2	2	7	-1	1
-33	-9	5	15	2	4	1	8	-2	2	4	1
-8	13	-7	8	-1	-10	8	5	-4	-1	3	1
-17	19	3	4	-11	9	-3	6	-8	0	1	1
47	19	-32	-4	2	-22	-8	6	5	9	-6	0
3	11	-7	10	-6	-16	4	8	3	2	1	1
-28	-9	-11	6	9	4	0	4	1	0	-1	1
110	-12	3	-16	-12	10	-1	8	8	2	4	0
-14	5	-10	15	4	-14	9	-10	3	8	-1	1
-12	31	6	-1	-11	-11	3	-13	8	1	-4	1
9	21	20	-2	3	-15	5	3	-1	-9	0	1
48	25	26	-17	48	9	-9	6	4	3	-4	1
3	35	10	2	-3	-13	-7	4	-4	-5	-2	1
-6	27	-26	-2	1	-16	3	-1	1	4	-11	1
-15	4	-6	7	4	-13	1	-5	-6	-1	-1	1
-4	42	26	-23	15	-23	18	-13	4	-10	-2	1
35	0	-27	2	-9	-8	2	3	0	2	4	0
54	3	-16	10	4	-14	0	-2	-3	8	2	0
-4	-16	7	2	-26	49	9	-8	5	6	-7	0
-22	6	-27	-14	2	-4	5	-2	3	4	4	1
19	-10	5	-9	-13	-6	-3	3	0	5	5	0
108	21	49	-20	-46	-12	1	-10	8	5	22	0
-6	1	-16	-22	-5	1	-4	12	5	1	-3	1
-20	-3	8	-9	26	-2	3	1	6	1	8	1
-35	-9	-6	-3	4	-2	-4	1	-2	0	0	1
-6	-16	-13	23	4	2	6	2	-3	4	-4	0
-2	-25	16	-10	0	14	0	3	-3	3	7	0
18	9	2	-20	-9	-6	1	6	-2	-17	-3	1
35	-25	0	8	1	6	-1	6	-5	1	5	0
-11	17	-19	-8	-8	6	-3	-4	3	-3	-1	1
9	-15	-11	-4	-7	-8	4	5	-3	3	-1	0
8	-15	-7	10	-8	7	0	7	-7	0	5	0
-12	-11	-7	-18	-3	2	1	6	0	-5	2	1
5	-26	1	6	-4	-4	2	-3	1	8	1	0
-17	-4	1	17	2	-7	6	-1	0	4	-2	0
-25	4	17	1	0	-21	-8	15	13	5	1	1
-27	-1	-8	-6	0	1	2	8	1	-3	0	1
32	8	24	-21	-32	13	9	-4	9	5	-19	0
-11	17	4	-20	-10	-19	6	9	1	-13	3	1
-41	17	-21	-11	-8	10	-7	-5	-5	6	0	1
4	-9	3	-5	-6	-2	-6	0	-2	5	2	0
31	-7	13	-11	-5	-11	-1	3	-3	-5	3	0
-21	-20	21	1	6	13	-5	12	1	-1	12	1
-33	1	-13	-12	2	-4	-1	1	2	2	1	1
-45	1	-8	-10	4	2	-2	-8	2	6	3	1
1	18	8	5	-15	5	1	0	1	3	-5	1
11	-18	24	-37	-9	5	10	-8	-2	-8	-5	0
43	-28	-11	-10	-6	3	-4	6	4	8	3	0
-5	15	9	11	2	-19	0	-5	2	-3	-1	1
25	-37	3	-6	2	10	0	-9	-2	-2	2	0
-36	-17	3	1	3	7	0	1	3	-2	-4	1
-37	10	-19	-23	2	-17	0	-4	6	3	0	1
0	-15	12	-7	-4	6	0	3	-2	-2	4	0
33	-22	15	0	8	-19	-12	-2	0	6	-5	0
-24	-11	-2	-5	-5	-3	-3	8	-1	-5	2	1
-20	6	-12	-19	-12	-1	8	5	-4	-2	2	1
-15	-14	-1	6	-1	-4	5	0	1	7	-1	0
30	2	-26	-22	-4	-6	-5	9	7	5	-3	0
-25	30	17	-12	-12	-14	3	-5	9	-8	2	1
-43	14	7	0	-20	13	-6	-1	7	3	9	1
-43	23	-9	-6	-7	3	-6	-10	-1	3	-2	1
37	64	36	-6	26	-3	-7	-8	3	4	-4	1
31	-6	-2	0	13	-3	6	5	7	-5	4	0
-56	-19	12	9	12	10	-3	-3	-1	1	-1	1
-41	3	0	-17	3	-15	-5	-2	-1	2	5	1
52	-53	6	-7	-11	-9	-10	2	10	-1	4	0
80	-20	-21	11	5	8	-14	-3	-7	-13	1	0
1	-19	-8	11	3	1	3	-2	5	1	1	0
-20	12	14	-20	17	-10	3	-1	11	-2	-9	1
-5	-14	-19	9	13	3	-3	-4	-5	0	-3	0
-32	20	-1	1	-19	-8	5	-18	0	7	9	1
-11	-33	-13	-4	6	5	4	-1	1	1	1	0
-24	0	-6	-7	-2	-7	7	2	3	-1	-9	1
-27	9	4	9	-17	6	5	3	12	4	-1	1
-33	-2	0	-10	4	7	4	-2	2	-2	3	1
92	46	3	25	23	38	1	-15	17	-8	9	0
-20	6	28	-4	-2	10	-13	3	-2	-1	-14	1
-51	15	40	19	-9	21	-35	25	33	9	16	1
30	11	-4	34	4	-11	1	-4	-2	2	3	0
31	3	2	0	10	0	7	-1	7	-15	-7	0
-27	-4	-3	-6	4	12	5	2	-2	1	4	1
30	14	11	14	-17	-18	10	0	6	1	-1	0
-2	-15	29	-12	14	12	-1	-3	-5	-2	4	0
19	-25	-2	7	12	4	0	-8	1	-8	10	0
16	-11	-32	14	1	13	6	-2	0	5	1	0
-11	1	-2	7	-5	-6	1	5	-8	-2	4	1
6	-22	-3	-6	6	-4	7	-5	7	-5	1	0
74	-21	15	-1	-2	-5	14	10	1	-4	2	0
54	7	-21	35	-23	-12	2	4	0	6	1	0
-3	4	-8	1	-3	-2	0	1	-4	3	0	1
-4	-8	-22	-7	8	1	4	-10	3	3	1	0
-23	17	-7	5	-17	-4	4	3	-2	-1	1	1
-10	-20	5	-6	-9	16	3	-1	-9	1	0	0
14	9	-18	16	5	13	-6	-7	2	-4	-7	1
-27	-17	-13	-21	14	-5	2	-3	6	2	3	1
24	-26	31	-13	-8	9	14	0	6	-8	-3	0
-26	0	-5	2	8	-3	0	-3	0	1	-4	1
45	-35	60	-49	-47	-9	-24	-30	5	27	-13	0
35	33	73	-19	11	-44	45	-26	-10	-12	8	0
33	14	4	23	-18	24	12	-11	5	-2	2	0
23	9	-17	4	4	6	-1	5	0	-3	5	0
8	17	6	3	1	8	11	2	2	-2	3	1
-19	16	15	1	8	18	-5	10	-1	8	4	1
25	-25	10	-6	-8	3	-2	-4	-10	1	5	0
15	-45	17	29	8	-8	2	-12	-1	1	-4	0
-23	-2	-18	-17	11	-8	-6	-3	7	0	-5	1
-6	4	-20	-15	-3	3	0	2	-2	-2	1	1
-18	21	-10	5	-12	0	-5	0	-2	0	-5	1
18	-9	-21	12	0	6	-1	-4	1	3	2	0
-26	-8	-2	-5	6	-4	4	-2	1	4	-1	1
-14	-5	-4	-20	-17	8	8	4	-4	1	3	1
-30	11	-16	-3	-6	-7	-6	3	-4	0	-2	1
-5	-7	-12	-14	15	10	2	1	-3	-5	6	1
-10	-7	-3	16	21	0	2	-5	1	2	0	1
42	11	-21	14	9	-6	1	2	-2	0	2	0
31	-16	-24	-5	-5	-9	6	10	-2	-4	2	0
-37	-10	5	23	14	16	1	-1	-14	-1	-1	1
-34	-10	15	44	3	11	-3	1	-15	-1	-8	1
11	-37	13	13	11	-9	-1	-4	1	1	-5	0
-29	18	-6	-4	-5	-8	10	-12	1	2	-1	1
-25	-7	7	10	2	-12	-1	1	-1	-4	1	1
48	-42	8	2	-3	-5	-2	-8	-7	3	-2	0
2	-28	19	-12	8	-9	5	-9	-2	0	3	0
-8	-13	27	27	19	-12	-6	5	7	-1	1	1
24	-36	9	36	8	-7	4	-3	-16	-10	-16	0
-23	-5	-5	-14	-4	-1	6	1	-1	-1	-2	1
-44	-6	-9	-7	5	10	-1	0	1	2	-2	1
33	31	-6	9	28	6	-5	4	2	11	9	1
-22	-9	16	2	5	16	1	-1	-5	-2	-7	1
27	-12	15	4	-11	-6	5	0	1	-4	7	0
-12	26	19	17	-27	-11	9	-4	11	3	5	1
-31	-4	7	6	9	7	3	-1	9	7	7	1
21	11	-15	-18	41	-1	3	-5	7	3	8	1
-17	5	-3	29	-10	2	3	0	-6	3	-5	1
-18	6	-10	-6	-5	-4	2	7	-2	1	1	1
49	-26	15	-16	1	11	4	3	-9	10	-4	0
-28	0	-1	-4	-8	5	3	1	-5	-1	-6	1
62	-10	-8	-10	17	-17	-1	-11	4	6	4	0
5	-20	-12	-7	-2	-1	5	6	2	-1	1	0
19	-29	-13	-9	-3	-2	2	-3	-1	4	-1	0
7	-1	-12	-8	-6	-1	5	3	1	-3	-3	0
43	-24	13	11	9	-1	-10	-10	-5	-9	0	0
62	19	-14	-11	-10	-14	-7	6	-9	-5	1	0
85	12	22	1	-11	-6	-9	10	-6	-4	8	0
42	-17	-17	51	7	-11	4	2	-8	-2	-2	0
15	-37	-3	19	-3	-5	4	-1	-4	1	-2	0
-23	-24	9	9	-1	-4	1	-2	-2	0	0	0
21	-8	26	-7	-2	14	0	0	-7	-9	4	0
-28	-25	-2	6	11	4	-1	2	0	3	2	0
5	-28	-12	5	-3	-3	8	2	-5	3	0	0
23	-50	19	27	-8	-7	-11	-7	-10	11	-5	0
-5	17	6	-2	-5	12	1	-2	2	-6	-7	1
-22	-5	18	10	8	6	-4	4	3	-1	2	1
-19	4	-6	1	-8	18	5	3	1	4	4	1
8	27	12	0	9	-5	3	2	3	-2	-10	1
-51	-16	1	-8	11	12	-2	-3	-1	0	2	1
-24	8	-18	-15	-2	-3	1	1	-2	-1	-1	1
45	-28	15	-12	6	0	-12	-8	5	5	3	0
-25	23	-2	1	-15	-8	7	-4	-11	2	14	1
-11	-25	9	14	2	-7	-2	-2	0	2	-1	0
-9	15	20	-9	-34	-16	5	11	1	-6	4	1
-39	10	-4	-5	-16	5	1	0	-1	2	7	1
-15	-24	9	-11	-4	-3	14	-2	1	-3	-3	0
-40	-15	3	0	5	2	-2	4	0	3	1	1
-19	-6	-10	-8	-5	9	1	11	-7	-3	5	1
37	-24	-5	15	-2	-11	6	-5	-5	6	-1	0
-23	9	9	-15	-13	18	4	3	-7	-2	4	1
25	-25	-10	-4	-7	1	7	3	4	-2	3	0
27	-7	-15	-4	12	-5	-7	5	4	-5	2	0
-11	3	18	-18	23	0	7	7	10	0	2	1
-42	1	6	2	-6	8	-5	-3	1	1	0	1
1	15	11	2	24	-2	-6	-2	-2	-7	-2	1
-45	-6	-4	-20	16	5	1	-6	5	1	1	1
19	36	42	-13	-4	17	22	5	-18	-20	15	1
-24	10	10	9	-13	19	0	5	3	0	2	1
40	44	54	-25	31	9	-21	-12	-10	-5	-11	1
-5	-9	-8	1	3	2	1	2	-4	-6	3	1
-6	14	-13	-6	-4	1	5	-8	2	1	-4	1
-24	0	-4	5	-5	4	9	1	-2	0	8	1
-32	0	-13	-13	-2	-7	-1	3	0	-5	-1	1
-35	-3	-10	-15	-4	6	-3	-1	4	-1	-4	1
-43	9	3	-19	5	10	-8	3	10	-3	-8	1
-25	1	15	-2	-6	-10	-12	14	2	2	-3	0
-34	-17	-4	-2	17	10	-4	-3	-5	0	6	1
-26	16	13	4	-11	-1	4	-4	0	-8	-15	1
45	-18	1	-13	-3	-9	-9	-2	3	11	-4	0
-10	8	11	-5	8	11	1	-2	-2	-4	-5	1
56	-5	18	-3	-9	4	-11	2	-6	5	-3	0
-26	14	0	6	-4	-18	0	4	6	0	-6	1
-27	5	4	-4	9	-5	-4	-5	4	-2	-4	1
-27	3	16	20	-3	24	1	-1	-1	-4	0	1
-39	-4	-13	-5	7	3	-9	-4	-4	2	0	1
-44	18	-2	0	-2	15	-6	-4	1	4	4	1
-53	-12	-3	-18	9	6	-6	-2	4	2	1	1
-46	-9	-1	-16	4	-1	-8	-1	0	4	-1	1
-28	4	-3	10	-9	13	3	4	-2	1	1	1
-42	-17	2	-10	0	6	1	0	-2	1	4	1
-19	6	-6	-19	10	0	-1	-4	0	0	1	1
-35	6	-21	-19	1	17	-1	-1	-1	0	2	1
-19	59	22	17	-46	9	-3	-23	11	3	7	1
-51	-9	-2	-8	7	-8	-2	-3	5	0	-7	1
-48	-3	-3	-16	2	8	1	-1	-2	1	1	1
7	-25	-11	-8	1	-4	3	0	-2	-1	0	0
41	50	14	-3	10	11	-4	11	-2	-3	-2	1
-42	4	29	-7	-4	9	-6	1	14	-2	1	1
4	33	4	-6	1	-8	-4	-3	3	-3	-3	1
-5	-32	8	-15	-5	16	4	-2	-6	0	1	0
-13	5	-16	-8	0	-18	-3	7	7	0	-3	1
62	-18	-23	8	-24	24	2	2	-4	1	2	0
-30	-1	-12	-5	5	-1	-3	-2	-1	2	3	1
-26	2	-8	-3	-9	-3	3	1	2	0	-4	1
-35	-4	-3	-15	0	-12	-3	-1	8	1	2	1
-47	-5	0	-2	9	-1	-7	-3	0	0	-3	1
19	-11	-7	5	-10	-9	3	8	-1	0	-2	0
21	11	16	-4	-15	0	1	-7	7	3	-10	0
16	-10	-14	-12	9	-1	5	0	6	-4	7	0
1	9	-11	-2	7	13	3	-8	2	0	-8	1
-24	21	9	14	-34	7	7	-9	8	0	0	1
-41	3	-9	-1	-2	6	-5	-1	-3	3	4	1
-36	1	6	10	-1	-3	1	-2	3	1	2	1
20	-17	16	4	-10	-12	-2	12	6	8	-3	0
-17	15	-13	-14	14	-3	-14	-2	-3	0	-4	1
33	-14	3	9	1	5	3	-7	1	-1	8	0
-20	14	0	11	-11	-2	-1	9	3	3	5	1
34	-46	9	-7	-11	-13	-2	-5	-4	7	-3	0
4	-1	-12	-9	6	6	0	3	0	-1	0	1
-3	19	-12	1	16	8	-1	3	-4	4	6	1
-9	16	-18	-5	-3	1	3	0	4	0	-4	1
36	-19	17	8	-13	25	2	7	13	-1	2	0
-15	14	-12	-10	-16	-8	4	3	-8	0	-3	1
-10	44	23	-3	-14	-11	0	-12	14	-5	11	1
-31	2	-2	8	0	0	-1	-7	1	2	-1	1
-16	-8	-11	-17	4	6	1	-7	4	0	-6	1
-26	10	-14	-2	-4	-9	4	-8	-1	4	1	1
-11	18	-12	-8	-21	13	-8	10	-11	-8	-1	1
-41	-1	1	-8	0	10	0	-8	-5	1	-1	1
75	29	2	-8	-13	24	7	-1	14	-4	-12	0
71	-39	-6	-24	-13	1	-7	-8	11	-2	5	0
19	-2	12	13	-3	-17	7	-5	-1	7	-7	0
-26	13	12	-22	11	19	0	-4	0	0	-4	1
-5	11	23	-11	9	-3	8	0	7	-6	-3	1
13	16	5	-3	-4	5	4	8	0	-6	-3	1
-35	-7	2	0	2	-5	-5	1	6	1	1	1
-21	24	14	-14	-3	6	0	-3	-6	-2	2	1
-25	11	-2	4	-3	-10	-7	0	2	9	-10	1
-51	-10	8	-6	0	7	-1	-5	0	1	0	1
-25	-6	7	11	0	5	0	4	-2	-2	3	1
-20	1	-3	4	-2	0	0	6	1	-3	-2	1
-16	-13	6	-3	-4	-10	2	1	7	-2	1	1
-32	-8	-11	-4	9	4	1	-2	-3	1	2	1
4	-32	6	-8	-2	-6	3	-3	-1	-4	-2	0
44	-17	32	2	-12	9	3	-4	5	-8	-8	0
-19	-2	-12	1	0	4	6	-2	1	3	-2	1
6	-46	11	-18	-14	-8	-6	-5	-4	12	4	0
42	-38	1	-16	-2	-5	-12	-1	-2	-1	-5	0
44	-7	-8	9	0	27	14	-2	3	2	-2	0
-30	-9	-8	-21	5	6	3	-1	-1	-4	4	1
22	-20	-2	-18	1	2	-9	10	5	-5	8	0
12	-34	-6	-16	-3	-11	6	-5	5	3	3	0
-26	-5	-13	-7	3	16	1	-3	-4	-2	2	1
-1	-1	-17	-13	1	8	-5	3	-5	-8	-3	1
47	45	13	-11	43	1	5	16	-15	1	-1	1
-33	-16	8	25	11	1	2	-5	-4	-3	-7	1
-11	3	-16	-8	13	11	2	-7	-2	0	6	1
64	21	-47	24	8	-8	5	0	10	-2	8	0
3	17	-24	-7	-14	-5	-1	9	2	0	-4	1
-26	6	-9	-4	2	15	0	4	-3	-1	8	1
-7	9	19	5	36	4	-6	-5	10	-10	-7	1
6	16	-12	-2	13	-5	-4	-4	-1	1	-1	1
-22	-6	-12	-16	13	5	4	0	4	-1	4	1
-8	-12	17	8	1	-7	11	3	0	0	1	0
-15	6	-3	-14	19	9	-2	0	3	2	2	1
-40	-11	2	-13	13	13	-1	-2	-3	0	2	1
11	36	15	-19	34	-8	-3	-2	-14	0	7	1
37	-2	43	-3	-7	-4	11	16	4	-7	5	0
-27	13	-21	-13	-4	2	-2	2	0	-1	-3	1
-23	36	4	10	-19	-18	-12	-11	-8	7	16	1
39	-5	-8	2	-5	-10	1	4	3	6	-2	0
62	-24	-14	-2	-4	4	-4	1	3	-1	2	0
-14	6	-3	7	-14	-1	2	6	2	1	5	1
-31	-8	7	1	2	4	-1	7	5	-3	6	1
-1	-5	-6	2	1	-8	5	14	3	-3	0	1
-18	-1	15	-13	16	2	-1	4	3	-4	1	1
-33	2	-12	-6	18	2	-6	-3	0	6	3	1
-24	2	-5	2	2	2	-4	2	-5	5	4	1
65	-4	-26	2	4	-13	-1	1	6	4	3	0
-33	-2	-11	-11	1	-7	2	3	5	6	9	1
-18	2	8	-1	11	25	-1	1	0	-4	3	1
-21	-2	-15	-2	1	10	-3	6	3	-1	-5	1
-38	2	7	-17	-8	5	3	-4	5	-2	-5	1
-17	11	7	4	-4	-14	-1	1	8	0	-2	1
-18	-14	-12	-15	1	3	0	5	1	-1	-1	1
-11	9	27	1	17	10	-8	-4	1	1	-1	1
19	-16	-8	-4	-4	-5	3	0	-5	-7	4	0
-16	0	5	8	-8	16	5	6	2	0	6	1
-24	-5	-6	19	1	-4	3	5	5	7	3	1
-22	5	-11	7	-6	-3	-3	9	3	1	-4	1
-28	12	4	12	23	-1	-5	-6	5	4	-8	1
1	-8	3	11	11	13	-2	2	-4	-3	4	1
-17	-15	22	25	-10	16	9	-5	-5	2	-7	0
-12	10	-1	10	-10	1	8	-3	-6	-6	3	1
-13	30	18	26	-26	-8	1	-1	2	5	10	1
44	-5	6	-7	-9	-8	-11	-5	-11	7	-4	0
-25	7	-15	-14	5	-2	-5	-6	1	3	1	1
-28	6	4	15	-12	2	-1	0	6	1	-8	1
-13	9	1	7	2	7	3	4	-6	6	7	1
24	22	3	-16	-3	1	-8	0	3	-5	8	1
-8	5	-14	-10	-5	-3	5	9	0	-5	-5	1
0	-4	-5	-2	15	5	-1	6	-2	-4	0	1
-8	30	5	7	-33	5	-4	-2	-16	1	6	1
-41	3	1	15	5	-3	-8	1	-5	2	-1	1
0	22	-7	-5	7	3	0	2	-1	2	2	1
-16	4	5	17	-1	5	5	7	-7	3	4	1
-42	3	0	-5	5	3	-2	-1	2	0	-3	1
-42	-6	5	-7	1	-1	2	-7	2	-2	0	1
60	2	-9	-1	29	-3	8	5	3	-10	6	0
2	24	-1	0	2	-10	-1	1	2	-1	1	1
36	-14	0	-12	-9	-11	13	0	9	-1	-5	0
31	-11	18	1	-7	-1	-1	1	2	1	4	0
-26	-10	-4	-11	2	-2	1	-3	-1	-2	-1	1
11	-7	-21	11	5	-10	1	2	5	2	-2	0
-21	1	-8	3	-6	10	-3	-5	-7	-1	-5	1
-24	-2	2	-8	-4	2	1	-4	-2	2	4	1
-30	-8	10	7	-3	1	-5	1	4	-1	1	1
-36	-11	-1	-15	8	-1	0	3	-4	-5	1	1
9	13	2	0	23	-10	8	1	9	-1	4	1
16	-20	19	12	14	-9	11	-5	7	-2	5	0
-40	-6	-2	-17	6	-9	-6	-6	-3	-2	-3	1
-30	17	19	7	-10	8	1	15	-12	-1	24	1
0	-21	-12	-12	8	1	1	1	2	0	3	0
-4	7	5	12	-1	-7	3	4	-7	-9	-11	1
23	-30	-3	20	10	-6	5	2	1	2	-4	0
-17	-6	-13	-3	-4	15	4	-2	-3	0	-2	1
-16	-14	4	3	16	0	0	4	8	3	2	1
18	-39	8	-4	2	-15	-1	4	6	0	2	0
0	16	23	3	38	5	-5	-9	6	-4	1	1
11	-23	17	2	-10	-20	18	-1	1	1	1	0
-16	0	16	29	12	-4	2	-1	-4	-2	-3	1
-12	0	-10	-19	-8	-6	-2	2	4	-3	-8	1
-26	-7	-14	-2	2	10	4	2	-3	2	0	1
-20	-14	20	34	5	-12	-6	2	-1	-4	-11	1
-6	4	20	36	-6	-2	9	3	3	3	1	1
-29	-13	6	20	2	-6	4	3	-4	1	-3	1
-34	-14	7	16	1	-5	3	1	-8	-3	-1	1
-34	-2	14	30	8	-2	1	3	-6	-2	-3	1
19	-15	9	13	-9	-10	-1	-12	-10	5	-8	0
82	-56	42	-25	-17	-9	-14	-10	-15	19	-2	0
-31	-18	11	14	12	5	4	-3	-11	-3	-1	1
-24	2	-8	2	4	4	8	-8	3	2	-3	1
-29	-13	-3	-4	12	-6	7	-3	1	-2	3	1
22	10	-4	0	43	4	-2	-9	2	1	5	1
-1	-3	-1	-1	16	-5	9	-4	3	0	0	1
-30	17	0	8	-9	1	3	-13	1	6	3	1
53	3	20	-6	28	-10	-21	-7	-5	-4	-1	0
20	26	0	2	-12	-25	8	3	-1	-1	5	1
-16	15	-2	7	-5	10	0	5	-14	4	6	1
-22	-2	32	24	-7	1	-7	8	-6	0	2	1
-18	-14	-13	-16	15	7	-2	0	-1	-1	5	1
-37	1	40	43	-11	9	-17	3	8	6	6	1
-7	14	-24	-5	17	-3	-8	1	-3	-1	2	1
-16	-2	-16	-9	8	4	7	1	2	2	0	1
-7	-10	2	0	15	0	-1	1	4	-8	-4	1
-35	-12	-7	-6	14	14	-3	-2	-7	-2	8	1
-12	13	-13	-3	4	0	-3	7	3	7	-2	1
44	10	3	-12	7	8	12	2	0	-7	2	0
-27	-2	-4	6	8	-5	-5	1	6	0	-2	1
-30	-16	0	0	11	0	-4	1	-4	3	1	1
-7	3	-26	-10	-1	0	-4	3	2	-3	-4	1
-23	-9	-8	-4	1	-2	-3	11	-2	-1	-5	1
0	-4	-24	-25	2	-10	5	5	5	-1	4	1
37	34	12	-17	22	16	4	4	-2	-3	-3	1
-28	-18	-3	-3	10	-1	1	3	8	1	1	1
35	-23	-5	-1	-3	-4	-1	5	10	6	4	0
-11	12	-8	-4	-14	-9	3	3	-1	1	-3	1
-16	-21	-13	5	4	32	4	-8	-4	2	3	0
-27	-7	-4	18	6	3	0	-5	-1	3	-3	1
-36	-26	8	-23	6	-6	-7	-2	10	1	3	1
18	-9	11	-6	-15	9	0	-2	-5	-1	-1	0
-40	13	14	-15	-4	5	-5	-9	4	1	8	1
-29	-1	10	10	2	6	-1	-7	-2	1	7	1
-18	-11	9	4	-1	-5	1	8	9	-3	-4	1
7	6	-23	0	6	-6	-1	-3	5	-2	-7	1
-23	-7	-14	1	7	3	2	1	5	-1	-3	1
24	-9	3	-16	0	-11	-8	-4	-4	3	2	0
34	-25	1	-3	1	-15	-3	5	1	-1	3	0
-9	-6	-8	-12	8	-8	-15	6	-2	-5	-4	1
39	18	-8	20	-9	-5	-2	-2	-9	-2	-1	0
-5	16	-10	-3	-19	-3	8	2	3	-1	-5	1
29	-41	17	-25	-3	1	-3	-13	2	1	-6	0
42	62	-28	-11	-17	-22	-20	12	-10	-9	-16	1
42	72	-14	-5	-11	-35	-6	-18	-3	-3	8	1
-2	11	-14	3	3	-5	0	9	-11	1	-2	1
6	39	-15	0	-8	-19	-6	-6	-8	-3	-4	1
-16	-10	-7	-19	0	-9	10	2	-4	-4	0	1
50	8	2	18	5	-16	5	6	10	-5	-1	0
-8	18	-2	-16	23	3	-2	-8	3	-5	-3	1
-33	-9	-1	-18	1	0	7	0	-2	-3	3	1
30	2	-22	9	0	-1	-2	6	-4	2	-4	0
-16	-9	-9	-20	0	0	0	3	1	3	1	1
-14	-16	2	0	6	-8	0	5	3	2	0	0
-15	9	-7	1	-14	0	11	3	-1	-3	-4	1
14	-21	-6	-4	-8	-5	1	1	-1	3	-1	0
18	-23	-7	-7	3	-10	-6	1	-2	0	1	0
3	7	-12	-1	-6	-13	-14	7	3	-9	-12	1
-6	11	-14	-2	-13	-3	-3	4	-9	1	0	1
8	48	-16	-4	-38	-7	10	-6	1	-4	-8	1
52	-33	1	-13	-5	0	-16	-5	-4	-3	-1	0
-40	0	-4	9	5	2	-7	3	-4	1	-4	1
-2	5	-6	2	1	-6	-3	1	1	-3	-3	1
-22	16	-8	2	3	-13	-5	-7	8	0	-1	1
-16	25	-28	-3	2	-11	0	-3	1	4	-2	1
-4	-5	-27	5	-2	-3	4	1	1	-1	-5	1
-28	-6	-23	-11	4	3	2	4	1	1	3	1
7	20	19	-21	-16	-18	-1	26	3	-4	6	1
-18	10	-20	-14	-8	-9	2	-2	3	2	-7	1
-11	5	4	5	-6	-11	-6	10	8	-1	-4	1
-9	3	-20	13	1	-2	1	1	-3	3	-2	1
-28	-9	-18	-7	4	-2	-3	0	-3	1	-3	1
19	-25	20	-8	-13	18	-2	6	-1	-2	4	0
-10	13	2	3	8	-15	7	6	4	-3	5	1
33	-27	0	-12	-8	5	-5	7	-3	-3	-1	0
10	-5	4	15	4	-5	4	15	2	1	4	0
19	25	-1	23	-13	-24	0	6	-10	-12	2	1
-27	30	6	28	-6	1	-9	-20	-13	7	-1	1
15	45	11	21	15	-10	13	-10	-13	3	6	1
-5	27	9	-10	1	-12	3	4	2	-2	10	1
14	3	0	15	15	5	2	-9	-4	-5	2	1
-17	-15	12	13	3	8	2	6	-8	-4	-3	1
-24	-15	15	25	4	1	1	6	-3	-6	-7	1
-15	2	-1	2	7	-9	-7	0	-3	-3	-5	1
-21	-6	8	10	-1	1	1	0	-1	-2	-5	1
-35	9	-9	0	-5	-1	0	3	-8	3	2	1
-12	24	-5	-1	6	-6	4	-9	1	-2	2	1
-30	11	6	5	3	-1	0	-1	-1	4	-4	1
-21	8	13	22	-8	9	-5	-4	-7	3	4	1
-44	7	12	9	-6	9	-3	-14	0	0	1	1
-11	12	5	11	2	18	-6	7	-5	-1	-8	1
-29	-10	17	26	1	-6	10	-5	-5	-4	-7	1
-23	26	23	7	-7	4	3	-2	4	0	-8	1
-19	-8	16	24	10	-5	10	-4	-4	1	-3	1
-8	13	25	25	6	-16	12	3	-1	-3	0	1
-29	21	13	8	-16	-9	0	-1	4	-7	7	1
-35	12	32	35	-15	2	-9	-7	2	5	7	1
0	-5	12	-2	28	1	2	4	4	-7	-6	1
-1	8	23	26	14	-17	-2	12	15	5	4	1
-4	-2	16	15	6	-10	-3	-1	-2	-11	-11	1
-50	-7	45	42	2	-11	-14	5	22	3	7	1
72	-3	-15	36	29	11	3	1	4	1	0	0
68	-18	11	-10	3	-3	-2	6	-8	-1	-8	0
35	-31	25	-20	-10	-25	4	2	-7	3	-2	0
15	-32	32	16	-7	-3	-3	11	2	0	-1	0
4	-21	17	10	19	-5	4	-2	-6	-6	-4	0
97	-15	-6	22	5	6	-5	-1	3	-4	7	0
-49	3	15	21	5	17	-5	-14	-4	5	1	1
