81	4	-25	-26	-13	14	-17	-5	7	5	7	-1
1	-28	-1	-14	1	0	-3	-4	-7	1	4	-1
44	-20	-2	-11	-7	5	3	-1	-4	-7	-3	-1
107	59	-43	20	-18	31	-8	-18	13	-5	-14	-1
20	-12	9	-33	-6	-13	6	-5	-2	4	6	-1
14	3	0	15	15	5	2	-9	-4	-5	2	1
-17	-15	12	13	3	8	2	6	-8	-4	-3	1
-24	-15	15	25	4	1	1	6	-3	-6	-7	1
-15	2	-1	2	7	-9	-7	0	-3	-3	-5	1
-21	-6	8	10	-1	1	1	0	-1	-2	-5	1
-35	9	-9	0	-5	-1	0	3	-8	3	2	1
-12	24	-5	-1	6	-6	4	-9	1	-2	2	1
-30	11	6	5	3	-1	0	-1	-1	4	-4	1
-21	8	13	22	-8	9	-5	-4	-7	3	4	1
28	13	-13	9	-9	-12	-10	2	-11	-2	1	-1
46	8	-30	16	-8	6	1	8	-1	-4	-3	-1
93	30	-35	39	37	-4	-13	-10	11	5	11	-1
-18	-21	3	14	7	2	-5	-4	-3	3	-3	-1
23	-7	-13	1	6	8	-2	-8	4	-3	6	-1
73	22	53	-1	5	25	-25	22	1	-14	-6	-1
-1	-7	22	-2	-2	9	18	-4	-4	-9	-3	-1
62	18	-22	17	21	-2	-7	-1	4	-9	3	-1
51	4	-24	31	8	6	-1	-3	-7	3	1	-1
-44	7	12	9	-6	9	-3	-14	0	0	1	1
-11	12	5	11	2	18	-6	7	-5	-1	-8	1
-29	-10	17	26	1	-6	10	-5	-5	-4	-7	1
-23	26	23	7	-7	4	3	-2	4	0	-8	1
-19	-8	16	24	10	-5	10	-4	-4	1	-3	1
-8	13	25	25	6	-16	12	3	-1	-3	0	1
-29	21	13	8	-16	-9	0	-1	4	-7	7	1
-35	12	32	35	-15	2	-9	-7	2	5	7	1
0	-5	12	-2	28	1	2	4	4	-7	-6	1
-1	8	23	26	14	-17	-2	12	15	5	4	1
-4	-2	16	15	6	-10	-3	-1	-2	-11	-11	1
39	19	-34	2	-5	-4	-4	0	5	3	-1	-1
8	-27	-10	-2	0	-1	2	0	-1	2	0	-1
-4	-16	-4	7	-3	-8	3	2	2	6	-3	-1
45	-3	-22	10	-9	-8	-6	1	-4	1	-1	-1
21	-38	3	-3	-2	-11	8	-3	4	5	-1	-1
-11	0	-9	-13	-9	-1	12	2	0	-1	3	1
-10	5	-22	-4	-3	4	-7	6	-2	-4	-2	1
-24	23	-7	-15	-7	-8	2	4	-2	-1	-2	1
56	13	-18	-17	-6	30	9	2	3	-9	3	-1
11	-45	3	5	-5	-6	-2	-2	-5	3	3	-1
33	-22	-16	6	-13	-8	-1	-3	-5	9	-1	-1
66	6	-11	-18	-25	11	-11	9	-25	-4	7	-1
44	-5	-31	18	8	8	-2	4	-2	-8	7	-1
14	-12	26	-8	-8	-10	4	-2	3	4	4	-1
39	-14	-18	22	3	2	4	-2	4	0	-2	-1
6	-11	-2	-21	0	0	-5	-1	2	-2	-1	-1
48	-19	2	10	-5	2	-5	1	-3	6	4	-1
43	19	-34	15	3	14	-8	-4	-2	11	3	-1
42	-10	-3	9	-15	-3	5	5	-3	6	1	-1
38	-23	-16	12	12	4	-3	-14	-2	-1	2	-1
31	-8	-31	5	7	11	-5	-5	3	0	5	-1
24	-14	-14	8	-7	20	14	-8	6	5	-1	-1
17	-2	-11	11	8	6	7	-1	2	4	1	-1
-38	-1	19	1	-3	2	-7	14	15	-2	-4	1
-27	-17	38	-2	-6	-15	-11	10	-11	3	-3	-1
15	-5	-22	4	12	-10	5	0	3	-3	-4	-1
-24	-18	-5	9	7	10	3	3	-6	-1	-1	-1
13	8	-18	23	-9	-21	6	10	1	4	-4	-1
82	4	24	3	6	43	5	-15	9	-9	0	-1
15	-1	-22	9	-1	3	-3	-1	-3	1	-2	-1
2	-13	-26	14	7	2	3	0	0	1	-3	-1
46	-14	-15	-14	-3	4	10	-4	9	3	0	-1
-32	20	-6	3	-4	6	5	-6	-1	1	-1	1
28	5	-30	10	-5	-3	5	3	-1	3	1	-1
-16	1	-19	-6	1	-7	1	2	3	6	0	1
-16	-12	4	11	3	5	5	9	-3	-3	-1	1
-36	-3	9	5	-1	3	-2	-3	2	1	-9	1
-33	-8	-3	-5	14	-2	-4	-2	4	-1	0	1
-31	3	-4	-4	-1	6	3	-3	-9	0	-1	1
21	-10	5	-9	-16	6	-18	6	1	3	-3	-1
-13	-21	-6	9	5	-6	5	1	-3	1	-3	-1
-24	8	-1	0	-16	12	7	-5	-2	1	-6	1
27	-23	-6	-4	-13	-2	2	-1	1	3	3	-1
25	-4	-16	11	1	5	-8	6	-2	-3	-4	-1
-41	-2	10	-1	-6	7	-4	-5	-7	1	4	1
-25	28	-26	-8	-8	-9	7	-8	1	9	-2	1
-12	34	-5	-4	-34	25	-11	5	-14	3	-2	1
-9	32	5	17	-23	-9	5	0	8	1	-7	1
54	10	-1	4	15	-12	-1	-5	1	-2	6	-1
-8	38	18	-6	-7	29	-6	5	1	0	10	1
24	0	-15	19	-5	-12	6	-1	-2	2	-3	-1
21	-5	-10	16	-10	-8	1	5	-1	-4	-6	-1
-13	23	2	22	-9	-12	0	0	3	2	-1	1
-32	1	5	-1	-1	-4	11	-7	2	2	-2	1
80	59	15	-17	41	23	45	17	10	38	-15	1
-31	0	-1	-9	-8	-5	7	-1	3	0	-5	1
1	-37	7	-10	0	-3	-2	-2	-2	0	-4	-1
24	75	20	-24	24	-15	-21	-26	-24	-7	2	1
52	-9	-14	15	17	-4	-9	-12	1	-2	7	-1
-1	-3	-21	-8	9	-9	-8	0	2	-3	-1	-1
-24	-3	-6	-3	5	1	-1	5	-1	0	2	1
2	-15	10	-10	-10	-11	15	-4	-6	1	5	-1
-2	26	-8	-24	-31	-8	-3	0	-10	-5	9	1
53	2	-8	-23	-3	7	-8	-13	-6	-7	2	-1
114	24	13	3	-39	47	5	-6	17	-6	-16	-1
-17	-1	-7	1	1	-1	-2	3	1	-1	-2	1
-7	17	2	21	-11	-15	-4	5	1	6	3	1
24	10	-19	-3	3	1	1	1	6	-3	2	1
78	-33	11	-5	8	-22	-11	-3	4	-9	7	-1
43	4	31	11	-5	-15	-23	6	13	-15	-7	-1
-15	6	-12	3	-7	9	3	6	-2	4	7	1
18	-15	1	-2	-16	9	-2	2	-4	7	4	-1
6	1	20	7	-9	5	12	11	1	1	9	-1
23	-30	-6	5	4	16	4	-5	-5	5	-2	-1
-2	5	2	13	4	3	0	2	-5	-2	3	1
15	7	-7	-19	-4	8	-2	5	-4	-6	-3	1
-20	-10	7	8	2	3	-5	-2	-4	-5	-7	1
2	-6	10	-5	-1	-3	15	-2	0	-8	-7	-1
-36	-18	7	-13	11	-3	-1	4	4	1	4	1
-20	-5	0	2	-6	-4	2	5	5	-1	-3	1
28	-6	-4	-8	2	-11	11	2	1	-5	3	-1
26	-21	12	4	-5	18	-3	-5	-3	2	6	-1
-22	9	5	-5	-8	-1	-9	13	-4	-5	-7	1
-30	21	10	12	-2	-23	-12	-5	5	4	-1	1
-22	7	-19	-12	3	-4	-1	-4	2	4	-1	1
9	1	2	10	3	-9	0	7	1	-2	9	-1
-7	-16	7	16	3	-6	3	2	-2	3	-6	-1
-26	41	-19	6	-20	-9	-13	-2	2	7	-1	1
-33	-9	5	15	2	4	1	8	-2	2	4	1
-8	13	-7	8	-1	-10	8	5	-4	-1	3	1
-17	19	3	4	-11	9	-3	6	-8	0	1	1
47	19	-32	-4	2	-22	-8	6	5	9	-6	-1
3	11	-7	10	-6	-16	4	8	3	2	1	1
-28	-9	-11	6	9	4	0	4	1	0	-1	1
110	-12	3	-16	-12	10	-1	8	8	2	4	-1
-14	5	-10	15	4	-14	9	-10	3	8	-1	1
-12	31	6	-1	-11	-11	3	-13	8	1	-4	1
9	21	20	-2	3	-15	5	3	-1	-9	0	1
48	25	26	-17	48	9	-9	6	4	3	-4	1
3	35	10	2	-3	-13	-7	4	-4	-5	-2	1
-6	27	-26	-2	1	-16	3	-1	1	4	-11	1
-15	4	-6	7	4	-13	1	-5	-6	-1	-1	1
-4	42	26	-23	15	-23	18	-13	4	-10	-2	1
35	0	-27	2	-9	-8	2	3	0	2	4	-1
54	3	-16	10	4	-14	0	-2	-3	8	2	-1
-4	-16	7	2	-26	49	9	-8	5	6	-7	-1
-22	6	-27	-14	2	-4	5	-2	3	4	4	1
19	-10	5	-9	-13	-6	-3	3	0	5	5	-1
108	21	49	-20	-46	-12	1	-10	8	5	22	-1
-6	1	-16	-22	-5	1	-4	12	5	1	-3	1
-20	-3	8	-9	26	-2	3	1	6	1	8	1
-35	-9	-6	-3	4	-2	-4	1	-2	0	0	1
-6	-16	-13	23	4	2	6	2	-3	4	-4	-1
-2	-25	16	-10	0	14	0	3	-3	3	7	-1
18	9	2	-20	-9	-6	1	6	-2	-17	-3	1
35	-25	0	8	1	6	-1	6	-5	1	5	-1
-11	17	-19	-8	-8	6	-3	-4	3	-3	-1	1
9	-15	-11	-4	-7	-8	4	5	-3	3	-1	-1
8	-15	-7	10	-8	7	0	7	-7	0	5	-1
-12	-11	-7	-18	-3	2	1	6	0	-5	2	1
5	-26	1	6	-4	-4	2	-3	1	8	1	-1
-17	-4	1	17	2	-7	6	-1	0	4	-2	-1
-25	4	17	1	0	-21	-8	15	13	5	1	1
-27	-1	-8	-6	0	1	2	8	1	-3	0	1
32	8	24	-21	-32	13	9	-4	9	5	-19	-1
-11	17	4	-20	-10	-19	6	9	1	-13	3	1
-41	17	-21	-11	-8	10	-7	-5	-5	6	0	1
4	-9	3	-5	-6	-2	-6	0	-2	5	2	-1
-17	13	0	8	-8	-8	-7	7	8	-1	-4	1
-15	0	-16	-3	0	11	2	-3	3	0	1	1
-41	2	4	-7	9	-1	0	-2	7	3	4	1
6	40	-8	-14	-4	-4	-14	-12	-8	-6	-7	1
43	29	-16	7	-23	51	5	4	7	-2	-7	-1
6	15	23	-3	14	16	-12	-3	5	-1	0	1
-4	-5	-10	-15	5	-4	6	7	3	-5	0	1
-34	-14	-1	-6	15	5	-4	0	1	-1	-1	1
-12	7	0	4	-28	14	3	12	-14	-2	-3	1
32	55	-5	23	19	-4	-7	-7	-7	12	14	1
112	98	66	-41	57	9	16	37	-24	52	-14	1
-31	12	-10	-13	-13	1	7	-1	0	1	0	1
-4	9	-13	-6	-7	10	10	-9	4	6	1	1
-19	2	-8	3	1	9	1	3	-6	1	3	1
31	-7	13	-11	-5	-11	-1	3	-3	-5	3	-1
-21	-20	21	1	6	13	-5	12	1	-1	12	1
-33	1	-13	-12	2	-4	-1	1	2	2	1	1
-45	1	-8	-10	4	2	-2	-8	2	6	3	1
1	18	8	5	-15	5	1	0	1	3	-5	1
11	-18	24	-37	-9	5	10	-8	-2	-8	-5	-1
43	-28	-11	-10	-6	3	-4	6	4	8	3	-1
-5	15	9	11	2	-19	0	-5	2	-3	-1	1
25	-37	3	-6	2	10	0	-9	-2	-2	2	-1
-36	-17	3	1	3	7	0	1	3	-2	-4	1
-37	10	-19	-23	2	-17	0	-4	6	3	0	1
0	-15	12	-7	-4	6	0	3	-2	-2	4	-1
33	-22	15	0	8	-19	-12	-2	0	6	-5	-1
-24	-11	-2	-5	-5	-3	-3	8	-1	-5	2	1
-20	6	-12	-19	-12	-1	8	5	-4	-2	2	1
-15	-14	-1	6	-1	-4	5	0	1	7	-1	-1
30	2	-26	-22	-4	-6	-5	9	7	5	-3	-1
-25	30	17	-12	-12	-14	3	-5	9	-8	2	1
-43	14	7	0	-20	13	-6	-1	7	3	9	1
-43	23	-9	-6	-7	3	-6	-10	-1	3	-2	1
37	64	36	-6	26	-3	-7	-8	3	4	-4	1
31	-6	-2	0	13	-3	6	5	7	-5	4	-1
-56	-19	12	9	12	10	-3	-3	-1	1	-1	1
-41	3	0	-17	3	-15	-5	-2	-1	2	5	1
52	-53	6	-7	-11	-9	-10	2	10	-1	4	-1
80	-20	-21	11	5	8	-14	-3	-7	-13	1	-1
1	-19	-8	11	3	1	3	-2	5	1	1	-1
-20	12	14	-20	17	-10	3	-1	11	-2	-9	1
-5	-14	-19	9	13	3	-3	-4	-5	0	-3	-1
-32	20	-1	1	-19	-8	5	-18	0	7	9	1
-11	-33	-13	-4	6	5	4	-1	1	1	1	-1
-24	0	-6	-7	-2	-7	7	2	3	-1	-9	1
-27	9	4	9	-17	6	5	3	12	4	-1	1
-33	-2	0	-10	4	7	4	-2	2	-2	3	1
92	46	3	25	23	38	1	-15	17	-8	9	-1
-20	6	28	-4	-2	10	-13	3	-2	-1	-14	1
-51	15	40	19	-9	21	-35	25	33	9	16	1
30	11	-4	34	4	-11	1	-4	-2	2	3	-1
31	3	2	0	10	0	7	-1	7	-15	-7	-1
-27	-4	-3	-6	4	12	5	2	-2	1	4	1
30	14	11	14	-17	-18	10	0	6	1	-1	-1
-2	-15	29	-12	14	12	-1	-3	-5	-2	4	-1
19	-25	-2	7	12	4	0	-8	1	-8	10	-1
16	-11	-32	14	1	13	6	-2	0	5	1	-1
-11	1	-2	7	-5	-6	1	5	-8	-2	4	1
6	-22	-3	-6	6	-4	7	-5	7	-5	1	-1
74	-21	15	-1	-2	-5	14	10	1	-4	2	-1
54	7	-21	35	-23	-12	2	4	0	6	1	-1
-3	4	-8	1	-3	-2	0	1	-4	3	0	1
-4	-8	-22	-7	8	1	4	-10	3	3	1	-1
-23	17	-7	5	-17	-4	4	3	-2	-1	1	1
-10	-20	5	-6	-9	16	3	-1	-9	1	0	-1
14	9	-18	16	5	13	-6	-7	2	-4	-7	1
-27	-17	-13	-21	14	-5	2	-3	6	2	3	1
24	-26	31	-13	-8	9	14	0	6	-8	-3	-1
-26	0	-5	2	8	-3	0	-3	0	1	-4	1
45	-35	60	-49	-47	-9	-24	-30	5	27	-13	-1
35	33	73	-19	11	-44	45	-26	-10	-12	8	-1
33	14	4	23	-18	24	12	-11	5	-2	2	-1
23	9	-17	4	4	6	-1	5	0	-3	5	-1
8	17	6	3	1	8	11	2	2	-2	3	1
-19	16	15	1	8	18	-5	10	-1	8	4	1
25	-25	10	-6	-8	3	-2	-4	-10	1	5	-1
15	-45	17	29	8	-8	2	-12	-1	1	-4	-1
-23	-2	-18	-17	11	-8	-6	-3	7	0	-5	1
-6	4	-20	-15	-3	3	0	2	-2	-2	1	1
-18	21	-10	5	-12	0	-5	0	-2	0	-5	1
18	-9	-21	12	0	6	-1	-4	1	3	2	-1
-26	-8	-2	-5	6	-4	4	-2	1	4	-1	1
-14	-5	-4	-20	-17	8	8	4	-4	1	3	1
-30	11	-16	-3	-6	-7	-6	3	-4	0	-2	1
-5	-7	-12	-14	15	10	2	1	-3	-5	6	1
-10	-7	-3	16	21	0	2	-5	1	2	0	1
42	11	-21	14	9	-6	1	2	-2	0	2	-1
31	-16	-24	-5	-5	-9	6	10	-2	-4	2	-1
